INFORMATION_NEED 105-5
precision	0.111
recall	0.167
F1	0.133
prec@10	0.300
average_precision	0.606
recall_precision
0.033	1.000
0.067	1.000
0.100	0.750
0.133	0.167
0.167	0.111
interpolated_recall_precision
0.000	1.000
0.100	0.750
0.200	0.000
0.300	0.000
0.400	0.000
0.500	0.000
0.600	0.000
0.700	0.000
0.800	0.000
0.900	0.000
1.000	0.000

INFORMATION_NEED 106-4
precision	0.067
recall	0.057
F1	0.061
prec@10	0.300
average_precision	0.917
recall_precision
0.019	1.000
0.038	1.000
0.057	0.750
interpolated_recall_precision
0.000	1.000
0.100	0.000
0.200	0.000
0.300	0.000
0.400	0.000
0.500	0.000
0.600	0.000
0.700	0.000
0.800	0.000
0.900	0.000
1.000	0.000

INFORMATION_NEED 107-2
precision	0.244
recall	0.159
F1	0.193
prec@10	0.300
average_precision	0.294
recall_precision
0.014	0.250
0.029	0.286
0.043	0.375
0.058	0.308
0.072	0.238
0.087	0.261
0.101	0.269
0.116	0.296
0.130	0.321
0.145	0.303
0.159	0.324
interpolated_recall_precision
0.000	0.375
0.100	0.324
0.200	0.000
0.300	0.000
0.400	0.000
0.500	0.000
0.600	0.000
0.700	0.000
0.800	0.000
0.900	0.000
1.000	0.000

INFORMATION_NEED 109-2
precision	0.222
recall	0.263
F1	0.241
prec@10	0.900
average_precision	0.991
recall_precision
0.026	1.000
0.053	1.000
0.079	1.000
0.105	1.000
0.132	1.000
0.158	1.000
0.184	1.000
0.211	1.000
0.237	1.000
0.263	0.909
interpolated_recall_precision
0.000	1.000
0.100	1.000
0.200	1.000
0.300	0.000
0.400	0.000
0.500	0.000
0.600	0.000
0.700	0.000
0.800	0.000
0.900	0.000
1.000	0.000

INFORMATION_NEED 208-1
precision	0.311
recall	0.298
F1	0.304
prec@10	0.400
average_precision	0.341
recall_precision
0.021	0.167
0.043	0.250
0.064	0.333
0.085	0.400
0.106	0.455
0.128	0.429
0.149	0.467
0.170	0.348
0.191	0.375
0.213	0.312
0.234	0.297
0.255	0.316
0.277	0.310
0.298	0.311
interpolated_recall_precision
0.000	0.467
0.100	0.467
0.200	0.316
0.300	0.000
0.400	0.000
0.500	0.000
0.600	0.000
0.700	0.000
0.800	0.000
0.900	0.000
1.000	0.000

TOTAL
precision	0.191
recall	0.189
F1	0.190
prec@10	0.440
MAP	0.629
interpolated_recall_precision
0.000	0.768
0.100	0.508
0.200	0.263
0.300	0.000
0.400	0.000
0.500	0.000
0.600	0.000
0.700	0.000
0.800	0.000
0.900	0.000
1.000	0.000

